0:
Fitness: 0.11786325631850424

phase_biases:
[[[[None, -0.34458854336115796], [-0.34458854336115796, -0.3445885433645053], [-0.34458854336115796, -0.3445885433645187], [-0.34458854336115796, -0.34458854336451894], [-0.34458854336115796, -0.34458854336451894], [-0.34458854336115796, -0.34458854336451894]], [[-0.34458854336115796, None], [-0.34458854336115796, -0.3445885433645053], [-0.34458854336115796, -0.3445885433645187], [-0.34458854336115796, -0.34458854336451894], [-0.34458854336115796, -0.34458854336451894], [-0.34458854336115796, -0.34458854336451894]]], [[[-2.0613600626063517, -2.0613600626063517], [None, -2.0615500089450793], [-2.0613600626063517, -2.06155176232975], [-2.0613600626063517, -2.0615517785066033], [-2.0613600626063517, -2.0615517786558515], [-2.0613600626063517, -2.061551778657228]], [[-2.0613600626063517, -2.0613600626063517], [-2.0613600626063517, None], [-2.0613600626063517, -2.0953832114885764], [-2.0613600626063517, -2.1122989522448425], [-2.0613600626063517, -2.1292146769735036], [-2.0613600626063517, -2.1461304015542937]]], [[[-3.7781315818515457, -3.7781315818515457], [-3.7781315818515457, -3.778323281574931], [None, -3.7783232979010446], [-3.7781315818515457, -3.7783232979024355], [-3.7781315818515457, -3.7783232979024355], [-3.7781315818515457, -3.7783232979024355]], [[-3.7781315818515457, -3.7781315818515457], [-3.7781315818515457, -3.8121547307337567], [-3.7781315818515457, None], [-3.7781315818515457, -3.879817645378913], [-3.7781315818515457, -3.91364909453774], [-3.7781315818515457, -3.9474805436965656]]], [[[-5.494903101096739, -5.494903101096739], [-5.494903101096739, -5.495094816996977], [-5.494903101096739, -5.495094817147629], [None, -5.495094817147629], [-5.494903101096739, -5.495094817147629], [-5.494903101096739, -5.495094817147629]], [[-5.494903101096739, -5.494903101096739], [-5.494903101096739, -5.545841990735216], [-5.494903101096739, -5.596589164624107], [-5.494903101096739, None], [-5.494903101096739, -5.6980835121005855], [-5.494903101096739, -5.748830685838825]]], [[[-7.211674620341933, -7.211674620341933], [-7.211674620341933, -7.211866336391419], [-7.211674620341933, -7.211866336392823], [-7.211674620341933, -7.211866336392823], [None, -7.211866336392823], [-7.211674620341933, -7.211866336392823]], [[-7.211674620341933, -7.211674620341933], [-7.211674620341933, -7.279529234709072], [-7.211674620341933, -7.347192133028127], [-7.211674620341933, -7.4148550313457795], [-7.211674620341933, None], [-7.211674620341933, -7.550180827981084]]], [[[-8.928446139587127, -8.928446139587127], [-8.928446139587127, -8.92863785563799], [-8.928446139587127, -8.928637855638017], [-8.928446139587127, -8.928637855638017], [-8.928446139587127, -8.928637855638017], [None, -8.928637855638017]], [[-8.928446139587127, -8.928446139587127], [-8.928446139587127, -9.013216478535055], [-8.928446139587127, -9.097795101432148], [-8.928446139587127, -9.182373724329214], [-8.928446139587127, -9.266952347226278], [-8.928446139587127, None]]]]
intrinsic_amplitudes:
[0.5309423389016734, 0.5687886660475003, 0.5309423389016734, 0.582380001828962, 0.5309423389016734, 0.607420503420288, 0.5309423389016734, 0.6414205316908936, 0.5309423389016734, 0.6812721224477167, 0.5309423389016734, 0.7236599181001995]


-------------------------------------------------------
1:
Fitness: 0.08763991793673068

phase_biases:
[[[[None, 1.2929651981628474], [1.2929651981628474, 1.2929651981628474], [1.2929651981628474, 1.2929651981628474], [1.2929651981628474, 1.2929651981628474], [1.2929651981628474, 1.2929651981628474], [1.2929651981628474, 1.2929651981628474]], [[1.2929651981628474, None], [1.2929651981628474, 1.2929651981628474], [1.2929651981628474, 1.2929651981628474], [1.2929651981628474, 1.2929651981628474], [1.2929651981628474, 1.2929651981628474], [1.2929651981628474, 1.2929651981628474]]], [[[1.312234703157165, 1.312234703157165], [None, 1.312234703157165], [1.312234703157165, 1.312234703157165], [1.312234703157165, 1.312234703157165], [1.312234703157165, 1.312234703157165], [1.312234703157165, 1.312234703157165]], [[1.312234703157165, 1.312234703157165], [1.312234703157165, None], [1.312234703157165, 1.312234703157165], [1.312234703157165, 1.312234703157165], [1.312234703157165, 1.312234703157165], [1.312234703157165, 1.312234703157165]]], [[[1.3315042081514827, 1.3315042081514827], [1.3315042081514827, 1.3315042081514827], [None, 1.3315042081514827], [1.3315042081514827, 1.3315042081514827], [1.3315042081514827, 1.3315042081514827], [1.3315042081514827, 1.3315042081514827]], [[1.3315042081514827, 1.3315042081514827], [1.3315042081514827, 1.3315042081514827], [1.3315042081514827, None], [1.3315042081514827, 1.3315042081514827], [1.3315042081514827, 1.3315042081514827], [1.3315042081514827, 1.3315042081514827]]], [[[1.3507737131458004, 1.3507737131458004], [1.3507737131458004, 1.3507737131458004], [1.3507737131458004, 1.3507737131458004], [None, 1.3507737131458004], [1.3507737131458004, 1.3507737131458004], [1.3507737131458004, 1.3507737131458004]], [[1.3507737131458004, 1.3507737131458004], [1.3507737131458004, 1.3507737131458004], [1.3507737131458004, 1.3507737131458004], [1.3507737131458004, None], [1.3507737131458004, 1.3507737131458004], [1.3507737131458004, 1.3507737131458004]]], [[[1.370043218140118, 1.370043218140118], [1.370043218140118, 1.370043218140118], [1.370043218140118, 1.370043218140118], [1.370043218140118, 1.370043218140118], [None, 1.370043218140118], [1.370043218140118, 1.370043218140118]], [[1.370043218140118, 1.370043218140118], [1.370043218140118, 1.370043218140118], [1.370043218140118, 1.370043218140118], [1.370043218140118, 1.370043218140118], [1.370043218140118, None], [1.370043218140118, 1.370043218140118]]], [[[1.3893127231344358, 1.3893127231344358], [1.3893127231344358, 1.3893127231344358], [1.3893127231344358, 1.3893127231344358], [1.3893127231344358, 1.3893127231344358], [1.3893127231344358, 1.3893127231344358], [None, 1.3893127231344358]], [[1.3893127231344358, 1.3893127231344358], [1.3893127231344358, 1.3893127231344358], [1.3893127231344358, 1.3893127231344358], [1.3893127231344358, 1.3893127231344358], [1.3893127231344358, 1.3893127231344358], [1.3893127231344358, None]]]]
intrinsic_amplitudes:
[0.0, -0.17452999999999985, 0.0, -0.17452999999999985, 0.0, -0.17452999999999985, 0.0, -0.17452999999999985, 0.0, -0.17452999999999985, 0.0, -0.17452999999999985]


-------------------------------------------------------
2:
Fitness: 0.08553462143998333

phase_biases:
[[[[None, 1.0962409085589857], [1.0962409085589857, 1.0962409085589857], [1.0962409085589857, 1.0962409085589857], [1.0962409085589857, 1.0962409085589857], [1.0962409085589857, 1.0962409085589857], [1.0962409085589857, 1.0962409085589857]], [[1.0962409085589857, None], [1.0962409085589857, 1.0962409085589857], [1.0962409085589857, 1.0962409085589857], [1.0962409085589857, 1.0962409085589857], [1.0962409085589857, 1.0962409085589857], [1.0962409085589857, 1.0962409085589857]]], [[[0.11418072419352421, 0.11418072419352421], [None, 0.11418072419352421], [0.11418072419352421, 0.11418072419352421], [0.11418072419352421, 0.11418072419352421], [0.11418072419352421, 0.11418072419352421], [0.11418072419352421, 0.11418072419352421]], [[0.11418072419352421, 0.11418072419352421], [0.11418072419352421, None], [0.11418072419352421, 0.11418072419352421], [0.11418072419352421, 0.11418072419352421], [0.11418072419352421, 0.11418072419352421], [0.11418072419352421, 0.11418072419352421]]], [[[0.8678794601719373, 0.8678794601719373], [0.8678794601719373, 0.8678794601719373], [None, 0.8678794601719373], [0.8678794601719373, 0.8678794601719373], [0.8678794601719373, 0.8678794601719373], [0.8678794601719373, 0.8678794601719373]], [[0.8678794601719373, 0.8678794601719373], [0.8678794601719373, 0.8678794601719373], [0.8678794601719373, None], [0.8678794601719373, 0.8678794601719373], [0.8678794601719373, 0.8678794601719373], [0.8678794601719373, 0.8678794601719373]]], [[[1.8499396445373986, 1.8499396445373986], [1.8499396445373986, 1.8499396445373986], [1.8499396445373986, 1.8499396445373986], [None, 1.8499396445373986], [1.8499396445373986, 1.8499396445373986], [1.8499396445373986, 1.8499396445373986]], [[1.8499396445373986, 1.8499396445373986], [1.8499396445373986, 1.8499396445373986], [1.8499396445373986, 1.8499396445373986], [1.8499396445373986, None], [1.8499396445373986, 1.8499396445373986], [1.8499396445373986, 1.8499396445373986]]], [[[2.8319998289028603, 2.8319998289028603], [2.8319998289028603, 2.8319998289028603], [2.8319998289028603, 2.8319998289028603], [2.8319998289028603, 2.8319998289028603], [None, 2.8319998289028603], [2.8319998289028603, 2.8319998289028603]], [[2.8319998289028603, 2.8319998289028603], [2.8319998289028603, 2.8319998289028603], [2.8319998289028603, 2.8319998289028603], [2.8319998289028603, 2.8319998289028603], [2.8319998289028603, None], [2.8319998289028603, 2.8319998289028603]]], [[[3.8140600132683216, 3.8140600132683216], [3.8140600132683216, 3.8140600132683216], [3.8140600132683216, 3.8140600132683216], [3.8140600132683216, 3.8140600132683216], [3.8140600132683216, 3.8140600132683216], [None, 3.8140600132683216]], [[3.8140600132683216, 3.8140600132683216], [3.8140600132683216, 3.8140600132683216], [3.8140600132683216, 3.8140600132683216], [3.8140600132683216, 3.8140600132683216], [3.8140600132683216, 3.8140600132683216], [3.8140600132683216, None]]]]
intrinsic_amplitudes:
[0.0, -0.17452999999999985, 0.0, -0.17452999999999985, 0.0, -0.17452999999999985, 0.0, -0.17452999999999985, 0.0, -0.17452999999999985, 0.0, -0.17452999999999985]


-------------------------------------------------------
3:
Fitness: 0.12827098109426635

phase_biases:
[[[[None, 9.668931512398317e-07], [9.668931512398317e-07, 9.668931512398317e-07], [9.668931512398317e-07, 9.668931512398317e-07], [9.668931512398317e-07, 9.668931512398317e-07], [9.668931512398317e-07, 9.668931512398317e-07], [9.668931512398317e-07, 9.668931512398317e-07]], [[9.668931512398317e-07, None], [9.668931512398317e-07, 9.668931512398317e-07], [9.668931512398317e-07, 9.668931512398317e-07], [9.668931512398317e-07, 9.668931512398317e-07], [9.668931512398317e-07, 9.668931512398317e-07], [9.668931512398317e-07, 9.668931512398317e-07]]], [[[9.668931512398317e-07, 9.668931512398317e-07], [None, 9.668931512398317e-07], [9.668931512398317e-07, 9.668931512398317e-07], [9.668931512398317e-07, 9.668931512398317e-07], [9.668931512398317e-07, 9.668931512398317e-07], [9.668931512398317e-07, 9.668931512398317e-07]], [[9.668931512398317e-07, 9.668931512398317e-07], [9.668931512398317e-07, None], [9.668931512398317e-07, 9.668931512398317e-07], [9.668931512398317e-07, 9.668931512398317e-07], [9.668931512398317e-07, 9.668931512398317e-07], [9.668931512398317e-07, 9.668931512398317e-07]]], [[[9.668931512398317e-07, 9.668931512398317e-07], [9.668931512398317e-07, 9.668931512398317e-07], [None, 9.668931512398317e-07], [9.668931512398317e-07, 9.668931512398317e-07], [9.668931512398317e-07, 9.668931512398317e-07], [9.668931512398317e-07, 9.668931512398317e-07]], [[9.668931512398317e-07, 9.668931512398317e-07], [9.668931512398317e-07, 9.668931512398317e-07], [9.668931512398317e-07, None], [9.668931512398317e-07, 9.668931512398317e-07], [9.668931512398317e-07, 9.668931512398317e-07], [9.668931512398317e-07, 9.668931512398317e-07]]], [[[9.668931512398317e-07, 9.668931512398317e-07], [9.668931512398317e-07, 9.668931512398317e-07], [9.668931512398317e-07, 9.668931512398317e-07], [None, 9.668931512398317e-07], [9.668931512398317e-07, 9.668931512398317e-07], [9.668931512398317e-07, 9.668931512398317e-07]], [[9.668931512398317e-07, 9.668931512398317e-07], [9.668931512398317e-07, 9.668931512398317e-07], [9.668931512398317e-07, 9.668931512398317e-07], [9.668931512398317e-07, None], [9.668931512398317e-07, 9.668931512398317e-07], [9.668931512398317e-07, 9.668931512398317e-07]]], [[[9.668931512398317e-07, 9.668931512398317e-07], [9.668931512398317e-07, 9.668931512398317e-07], [9.668931512398317e-07, 9.668931512398317e-07], [9.668931512398317e-07, 9.668931512398317e-07], [None, 9.668931512398317e-07], [9.668931512398317e-07, 9.668931512398317e-07]], [[9.668931512398317e-07, 9.668931512398317e-07], [9.668931512398317e-07, 9.668931512398317e-07], [9.668931512398317e-07, 9.668931512398317e-07], [9.668931512398317e-07, 9.668931512398317e-07], [9.668931512398317e-07, None], [9.668931512398317e-07, 9.668931512398317e-07]]], [[[9.668931512398317e-07, 9.668931512398317e-07], [9.668931512398317e-07, 9.668931512398317e-07], [9.668931512398317e-07, 9.668931512398317e-07], [9.668931512398317e-07, 9.668931512398317e-07], [9.668931512398317e-07, 9.668931512398317e-07], [None, 9.668931512398317e-07]], [[9.668931512398317e-07, 9.668931512398317e-07], [9.668931512398317e-07, 9.668931512398317e-07], [9.668931512398317e-07, 9.668931512398317e-07], [9.668931512398317e-07, 9.668931512398317e-07], [9.668931512398317e-07, 9.668931512398317e-07], [9.668931512398317e-07, None]]]]
intrinsic_amplitudes:
[0.8065469380445398, 0.9546347890280416, 0.8065462572398476, 0.9546339182100043, 0.7937615350143594, 0.9531256110984829, -0.7988023354785775, -0.8712935358401626, -0.8065465264942172, -1.3036635669548482, -0.8065469380588057, -1.3036947890109574]


-------------------------------------------------------
4:
Fitness: 0.2236058101073351

phase_biases:
[[[[None, -0.8777273557909547], [-0.8223362682600754, -0.8777273557909547], [-0.8223362682600754, -0.8777273557909547], [-0.8223362682600754, -0.8777273557909547], [-0.8223362682600754, -0.8777273557909547], [-0.8223362682600754, -0.8777273557909547]], [[0.6841357692029072, None], [0.6841357692029072, 0.7571973977641733], [0.6841357692029072, 0.7571973977641733], [0.6841357692029072, 0.7571973977641733], [0.6841357692029072, 0.7571973977641733], [0.6841357692029072, 0.7571973977641733]]], [[[0.4528536646099488, 0.5443021462300339], [None, 0.5443021462300339], [0.4528536646099488, 0.5443021462300339], [0.4528536646099488, 0.5443021462300339], [0.4528536646099488, 0.5443021462300339], [0.4528536646099488, 0.5443021462300339]], [[-0.9476031960767808, -0.9759944166355193], [-0.9476031960767808, None], [-0.9476031960767808, -0.9759944166355193], [-0.9476031960767808, -0.9759944166355193], [-0.9476031960767808, -0.9759944166355193], [-0.9476031960767808, -0.9759944166355193]]], [[[0.02710547609906851, -0.07840425200652687], [0.02710547609906851, -0.07840425200652687], [None, -0.07840425200652687], [0.02710547609906851, -0.07840425200652687], [0.02710547609906851, -0.07840425200652687], [0.02710547609906851, -0.07840425200652687]], [[0.9852575602885927, 0.9617387007976255], [0.9852575602885927, 0.9617387007976255], [0.9852575602885927, None], [0.9852575602885927, 0.9617387007976255], [0.9852575602885927, 0.9617387007976255], [0.9852575602885927, 0.9617387007976255]]], [[[-0.500504186007762, -0.4064702701391115], [-0.500504186007762, -0.4064702701391115], [-0.500504186007762, -0.4064702701391115], [None, -0.4064702701391115], [-0.500504186007762, -0.4064702701391115], [-0.500504186007762, -0.4064702701391115]], [[-0.7844450290856587, -0.7147084630254303], [-0.7844450290856587, -0.7147084630254303], [-0.7844450290856587, -0.7147084630254303], [-0.7844450290856587, None], [-0.7844450290856587, -0.7147084630254303], [-0.7844450290856587, -0.7147084630254303]]], [[[0.8527632967223844, 0.7929647047942754], [0.8527632967223844, 0.7929647047942754], [0.8527632967223844, 0.7929647047942754], [0.8527632967223844, 0.7929647047942754], [None, 0.7929647047942754], [0.8527632967223844, 0.7929647047942754]], [[0.39376923785068085, 0.29469366453622436], [0.39376923785068085, 0.29469366453622436], [0.39376923785068085, 0.29469366453622436], [0.39376923785068085, 0.29469366453622436], [0.39376923785068085, None], [0.39376923785068085, 0.29469366453622436]]], [[[-0.9986237261434646, -0.9875338185416126], [-0.9986237261434646, -0.9875338185416126], [-0.9986237261434646, -0.9875338185416126], [-0.9986237261434646, -0.9875338185416126], [-0.9986237261434646, -0.9875338185416126], [None, -0.9875338185416126]], [[0.09221254478744595, 0.19664735540226425], [0.09221254478744595, 0.19664735540226425], [0.09221254478744595, 0.19664735540226425], [0.09221254478744595, 0.19664735540226425], [0.09221254478744595, 0.19664735540226425], [0.09221254478744595, None]]]]
intrinsic_amplitudes:
[0.8014157777115112, 0.9474511704416755, 0.7438766113787629, 0.8668964035108271, 0.7226406648601387, 0.8371661027193449, 0.7946037983760679, 0.9379144071780048, 0.40321722894031975, 0.38997365846373677, 0.6226648171488716, 0.6972000304874046]


-------------------------------------------------------
5:
Fitness: 0.24084579224964747

phase_biases:
[[[[None, 0.2049975715704849], [0.2049975715704849, 0.2049975715704849], [0.2049975715704849, 0.2049975715704849], [0.2049975715704849, 0.2049975715704849], [0.2049975715704849, 0.2049975715704849], [0.2049975715704849, 0.2049975715704849]], [[0.2049975715704849, None], [0.2049975715704849, 0.2049975715704849], [0.2049975715704849, 0.2049975715704849], [0.2049975715704849, 0.2049975715704849], [0.2049975715704849, 0.2049975715704849], [0.2049975715704849, 0.2049975715704849]]], [[[0.2049975715704849, 0.2049975715704849], [None, 0.2049975715704849], [0.2049975715704849, 0.2049975715704849], [0.2049975715704849, 0.2049975715704849], [0.2049975715704849, 0.2049975715704849], [0.2049975715704849, 0.2049975715704849]], [[0.2049975715704849, 0.2049975715704849], [0.2049975715704849, None], [0.2049975715704849, 0.2049975715704849], [0.2049975715704849, 0.2049975715704849], [0.2049975715704849, 0.2049975715704849], [0.2049975715704849, 0.2049975715704849]]], [[[0.2049975715704849, 0.2049975715704849], [0.2049975715704849, 0.2049975715704849], [None, 0.2049975715704849], [0.2049975715704849, 0.2049975715704849], [0.2049975715704849, 0.2049975715704849], [0.2049975715704849, 0.2049975715704849]], [[0.2049975715704849, 0.2049975715704849], [0.2049975715704849, 0.2049975715704849], [0.2049975715704849, None], [0.2049975715704849, 0.2049975715704849], [0.2049975715704849, 0.2049975715704849], [0.2049975715704849, 0.2049975715704849]]], [[[0.2049975715704849, 0.2049975715704849], [0.2049975715704849, 0.2049975715704849], [0.2049975715704849, 0.2049975715704849], [None, 0.2049975715704849], [0.2049975715704849, 0.2049975715704849], [0.2049975715704849, 0.2049975715704849]], [[0.2548832207582821, 0.1675871934463314], [0.2548832207582821, 0.1675871934463314], [0.2548832207582821, 0.1675871934463314], [0.2548832207582821, None], [0.2548832207582821, 0.1675871934463314], [0.2548832207582821, 0.1675871934463314]]], [[[0.2049975715704849, 0.2049975715704849], [0.2049975715704849, 0.2049975715704849], [0.2049975715704849, 0.2049975715704849], [0.2049975715704849, 0.2049975715704849], [None, 0.2049975715704849], [0.2049975715704849, 0.2049975715704849]], [[0.0547231425503113, 0.006947644576924844], [0.0547231425503113, 0.006947644576924844], [0.0547231425503113, 0.006947644576924844], [0.0547231425503113, 0.006947644576924844], [0.0547231425503113, None], [0.0547231425503113, 0.006947644576924844]]], [[[0.2049975715704849, 0.2049975715704849], [0.2049975715704849, 0.2049975715704849], [0.2049975715704849, 0.2049975715704849], [0.2049975715704849, 0.2049975715704849], [0.2049975715704849, 0.2049975715704849], [None, 0.2049975715704849]], [[0.1341645766717224, 0.16162106462883077], [0.1341645766717224, 0.16162106462883077], [0.1341645766717224, 0.16162106462883077], [0.1341645766717224, 0.16162106462883077], [0.1341645766717224, 0.16162106462883077], [0.1341645766717224, None]]]]
intrinsic_amplitudes:
[0.8065469380806021, 0.9546347890785283, 0.8065469380806021, 0.9546347890785283, 0.8065469380806021, 0.9546347890785283, 0.8065469380806021, 0.9546347890785283, 0.8065469380806043, 0.9546347890785318, 0.8065469380806127, 0.9546347890785429]


-------------------------------------------------------
6:
Fitness: 0.29804125796478087

phase_biases:
[[[[None, 5.7565029918734165], [5.595832893197859, 5.7565029918734165], [5.595832893197859, 5.7565029918734165], [5.595832893197859, 5.7565029918734165], [5.595832893197859, 5.7565029918734165], [5.595832893197859, 5.7565029918734165]], [[3.0832242992903267, None], [3.0832242992903267, 3.243894397965884], [3.0832242992903267, 3.243894397965884], [3.0832242992903267, 3.243894397965884], [3.0832242992903267, 3.243894397965884], [3.0832242992903267, 3.243894397965884]]], [[[5.595832893197859, 5.7565029918734165], [None, 5.7565029918734165], [5.595832893197859, 5.7565029918734165], [5.595832893197859, 5.7565029918734165], [5.595832893197859, 5.7565029918734165], [5.595832893197859, 5.7565029918734165]], [[3.083556534571805, 3.25019858272085], [3.083556534571805, None], [3.083556534571805, 3.25019858272085], [3.083556534571805, 3.25019858272085], [3.083556534571805, 3.25019858272085], [3.083556534571805, 3.25019858272085]]], [[[5.595832893197859, 5.7565029918734165], [5.595832893197859, 5.7565029918734165], [None, 5.7565029918734165], [5.595832893197859, 5.7565029918734165], [5.595832893197859, 5.7565029918734165], [5.595832893197859, 5.7565029918734165]], [[3.0836467160147256, 3.2503356332043696], [3.0836467160147256, 3.2503356332043696], [3.0836467160147256, None], [3.0836467160147256, 3.2503356332043696], [3.0836467160147256, 3.2503356332043696], [3.0836467160147256, 3.2503356332043696]]], [[[5.595832893197859, 5.7565029918734165], [5.595832893197859, 5.7565029918734165], [5.595832893197859, 5.7565029918734165], [None, 5.7565029918734165], [5.595832893197859, 5.7565029918734165], [5.595832893197859, 5.7565029918734165]], [[3.0836709892961376, 3.250360270776559], [3.0836709892961376, 3.250360270776559], [3.0836709892961376, 3.250360270776559], [3.0836709892961376, None], [3.0836709892961376, 3.250360270776559], [3.0836709892961376, 3.250360270776559]]], [[[5.595832893197859, 5.7565029918734165], [5.595832893197859, 5.7565029918734165], [5.595832893197859, 5.7565029918734165], [5.595832893197859, 5.7565029918734165], [None, 5.7565029918734165], [5.595832893197859, 5.7565029918734165]], [[3.083677507855199, 3.250366792166867], [3.083677507855199, 3.250366792166867], [3.083677507855199, 3.250366792166867], [3.083677507855199, 3.250366792166867], [3.083677507855199, None], [3.083677507855199, 3.250366792166867]]], [[[5.595832893197859, 5.7565029918734165], [5.595832893197859, 5.7565029918734165], [5.595832893197859, 5.7565029918734165], [5.595832893197859, 5.7565029918734165], [5.595832893197859, 5.7565029918734165], [None, 5.7565029918734165]], [[3.083679257335749, 3.25036854166942], [3.083679257335749, 3.25036854166942], [3.083679257335749, 3.25036854166942], [3.083679257335749, 3.25036854166942], [3.083679257335749, 3.25036854166942], [3.083679257335749, None]]]]
intrinsic_amplitudes:
[-1.3050800412699146, -1.1672270155651794, -1.2896690014782937, -1.098064596965943, -1.2738018850804607, -1.0425139494757405, -1.2574710565797247, -0.9958530736732603, -1.2406691711466307, -0.9485130707836096, -1.2233892090877732, -0.9005185163619529]


-------------------------------------------------------
7:
Fitness: 0.33209649228642574

phase_biases:
[[[[None, -1.331059453584949], [-1.331059453584949, -1.331059453584949], [-1.331059453584949, -1.331059453584949], [-1.331059453584949, -1.331059453584949], [-1.331059453584949, -1.331059453584949], [-1.331059453584949, -1.331059453584949]], [[-1.3310593813378016, None], [-1.3310593813378016, -1.3310593480417543], [-1.3310593813378016, -1.3310593480417543], [-1.3310593813378016, -1.3310593480417543], [-1.3310593813378016, -1.3310593480417543], [-1.3310593813378016, -1.3310593480417543]]], [[[-2.51713119134523, -2.51713119134523], [None, -2.51713119134523], [-2.51713119134523, -2.51713119134523], [-2.51713119134523, -2.51713119134523], [-2.51713119134523, -2.51713119134523], [-2.51713119134523, -2.51713119134523]], [[-2.5163222195594788, -2.5163221862634315], [-2.5163222195594788, None], [-2.5163222195594788, -2.5163221862634315], [-2.5163222195594788, -2.5163221862634315], [-2.5163222195594788, -2.5163221862634315], [-2.5163222195594788, -2.5163221862634315]]], [[[-3.703202929105511, -3.703202929105511], [-3.703202929105511, -3.703202929105511], [None, -3.703202929105511], [-3.703202929105511, -3.703202929105511], [-3.703202929105511, -3.703202929105511], [-3.703202929105511, -3.703202929105511]], [[-3.7023669926864504, -3.702366959390403], [-3.7023669926864504, -3.702366959390403], [-3.7023669926864504, None], [-3.7023669926864504, -3.702366959390403], [-3.7023669926864504, -3.702366959390403], [-3.7023669926864504, -3.702366959390403]]], [[[-4.889274666865791, -4.889274666865791], [-4.889274666865791, -4.889274666865791], [-4.889274666865791, -4.889274666865791], [None, -4.889274666865791], [-4.889274666865791, -4.889274666865791], [-4.889274666865791, -4.889274666865791]], [[-4.88843783183935, -4.888437798543302], [-4.88843783183935, -4.888437798543302], [-4.88843783183935, -4.888437798543302], [-4.88843783183935, None], [-4.88843783183935, -4.888437798543302], [-4.88843783183935, -4.888437798543302]]], [[[-6.075346404626073, -6.075346404626073], [-6.075346404626073, -6.075346404626073], [-6.075346404626073, -6.075346404626073], [-6.075346404626073, -6.075346404626073], [None, -6.075346404626073], [-6.075346404626073, -6.075346404626073]], [[-6.0745095396534605, -6.074509506357413], [-6.0745095396534605, -6.074509506357413], [-6.0745095396534605, -6.074509506357413], [-6.0745095396534605, -6.074509506357413], [-6.0745095396534605, None], [-6.0745095396534605, -6.074509506357413]]], [[[-7.261418142386354, -7.261418142386354], [-7.261418142386354, -7.261418142386354], [-7.261418142386354, -7.261418142386354], [-7.261418142386354, -7.261418142386354], [-7.261418142386354, -7.261418142386354], [None, -7.261418142386354]], [[-7.260581276415783, -7.260581243119736], [-7.260581276415783, -7.260581243119736], [-7.260581276415783, -7.260581243119736], [-7.260581276415783, -7.260581243119736], [-7.260581276415783, -7.260581243119736], [-7.260581276415783, None]]]]
intrinsic_amplitudes:
[0.8065283485887522, 0.9546087638112404, 0.8065226933454603, 0.9538823050849512, 0.8061826468436588, 0.9332261016054861, 0.8011023733534595, 0.5416489019717705, 0.7312340118571523, -0.11337928094400684, 0.3080257202086494, -0.17230846955103285]


-------------------------------------------------------
8:
Fitness: 0.41219408594813567

phase_biases:
[[[[None, 3.2212566725073697], [3.2396766151502074, 3.272504917122845], [3.290924859763459, 3.323753161732089], [3.342173104376711, 3.375001406503296], [3.393421348989963, 3.4262496509583746], [3.444669593603215, 3.4774979755404507]], [[2.8481001259605407, None], [2.899348370573793, 2.9321766725464298], [2.9505966151870444, 2.9834249171556744], [3.001844859800296, 3.0346731619268814], [3.0530931044135476, 3.08592140638196], [3.1043413490267997, 3.1371697309640356]]], [[[2.807263699508056, 2.84009200147847], [None, 2.8913402460984177], [2.90976018873456, 2.942588490703184], [2.9610084333478115, 2.9938367353357638], [3.012256677961063, 3.045084979929888], [3.0635049225743147, 3.0963332245450017]], [[2.4669354549316416, 2.4997637569020554], [2.518183699544893, None], [2.569431944158145, 2.6022602461267694], [2.620680188771397, 2.653508490759349], [2.6719284333846485, 2.704756735353473], [2.7231766779979, 2.756004979968587]]], [[[2.426099028479157, 2.4589273304495705], [2.4773472730924087, 2.5101755750608965], [None, 2.5614238205036184], [2.5798437623189123, 2.6126720642873233], [2.631092006932164, 2.66392034753396], [2.6823402515454156, 2.715168553513826]], [[2.085770783902742, 2.118599085873156], [2.137019028515994, 2.169847330484482], [2.1882672731292456, None], [2.239515517742497, 2.2723438197109083], [2.290763762355749, 2.323592102957545], [2.3420120069690005, 2.374840308937411]]], [[[2.044934357450258, 2.0777626594206713], [2.0961826020635095, 2.129010904149813], [2.147430846676761, 2.180259148645172], [None, 2.2315076593010397], [2.2499273359032643, 2.282755637871675], [2.301175580516516, 2.334183304209866]], [[1.7046061128738426, 1.7374344148442564], [1.7558543574870944, 1.7886826595733978], [1.807102602100346, 1.8399309040687573], [1.8583508467135978, None], [1.9095990913268497, 1.94242739329526], [1.9608473359401013, 1.9938550596334512]]], [[[1.6637696864213583, 1.6965979883917717], [1.7150179310346099, 1.7478462330030697], [1.7662661756478615, 1.79909448197165], [1.817514420261113, 1.8503427222295237], [None, 1.9016114478113613], [1.9200109094876168, 1.9528392114560271]], [[1.3234414418449432, 1.3562697438153568], [1.3746896864581948, 1.4075179884266549], [1.4259379310714464, 1.4587662373952348], [1.4771861756846982, 1.5100144776531086], [1.52843442029795, None], [1.5796826649112017, 1.6125109668796123]]], [[[1.2826050153924589, 1.3154333173628725], [1.3338532600057105, 1.3666815619927948], [1.3851015046189623, 1.4179298065873853], [1.436349749232214, 1.4691780604301314], [1.487597993845466, 1.5204262958138761], [None, 1.571703927701222]], [[0.9422767708160438, 0.9751050727864574], [0.9935250154292956, 1.0263533174163797], [1.0447732600425474, 1.0776015620109702], [1.096021504655799, 1.1288498158537166], [1.1472697492690507, 1.1800980512374613], [1.1985179938823023, None]]]]
intrinsic_amplitudes:
[0.7602667534888075, 0.8851078230469533, 0.8065367522651274, 0.9546275161288564, 0.7937906625539872, 0.9056348809958035, 0.80630849861274, 0.9544614011248505, 0.8061368441589623, 0.9543026226280102, 0.804342142643788, 0.9249866225510228]


-------------------------------------------------------
9:
Fitness: 0.44352542518030835

phase_biases:
[[[[None, 2.9829320598950844], [2.9829320598950844, 2.9829320598950844], [2.9829320598950844, 2.9829320598950844], [2.9829320598950844, 2.9829320598950844], [2.9829320598950844, 2.9829320598950844], [2.9829320598950844, 2.9829320598950844]], [[2.9829320598950844, None], [2.9829320598950844, 2.9829320598950844], [2.9829320598950844, 2.9829320598950844], [2.9829320598950844, 2.9829320598950844], [2.9829320598950844, 2.9829320598950844], [2.9829320598950844, 2.9829320598950844]]], [[[2.9829320598950844, 2.9829320598950844], [None, 2.9829320598950844], [2.9829320598950844, 2.9829320598950844], [2.9829320598950844, 2.9829320598950844], [2.9829320598950844, 2.9829320598950844], [2.9829320598950844, 2.9829320598950844]], [[2.9829320598950844, 2.9829320598950844], [2.9829320598950844, None], [2.9829320598950844, 2.9829320598950844], [2.9829320598950844, 2.9829320598950844], [2.9829320598950844, 2.9829320598950844], [2.9829320598950844, 2.9829320598950844]]], [[[2.9829320598950844, 2.9829320598950844], [2.9829320598950844, 2.9829320598950844], [None, 2.9829320598950844], [2.9829320598950844, 2.9829320598950844], [2.9829320598950844, 2.9829320598950844], [2.9829320598950844, 2.9829320598950844]], [[2.9829320598950844, 2.9829320598950844], [2.9829320598950844, 2.9829320598950844], [2.9829320598950844, None], [2.9829320598950844, 2.9829320598950844], [2.9829320598950844, 2.9829320598950844], [2.9829320598950844, 2.9829320598950844]]], [[[2.9829320598950844, 2.9829320598950844], [2.9829320598950844, 2.9829320598950844], [2.9829320598950844, 2.9829320598950844], [None, 2.9829320598950844], [2.9829320598950844, 2.9829320598950844], [2.9829320598950844, 2.9829320598950844]], [[2.9829320598950844, 2.9829320598950844], [2.9829320598950844, 2.9829320598950844], [2.9829320598950844, 2.9829320598950844], [2.9829320598950844, None], [2.9829320598950844, 2.9829320598950844], [2.9829320598950844, 2.9829320598950844]]], [[[2.9829320598950844, 2.9829320598950844], [2.9829320598950844, 2.9829320598950844], [2.9829320598950844, 2.9829320598950844], [2.9829320598950844, 2.9829320598950844], [None, 2.9829320598950844], [2.9829320598950844, 2.9829320598950844]], [[2.9829320598950844, 2.9829320598950844], [2.9829320598950844, 2.9829320598950844], [2.9829320598950844, 2.9829320598950844], [2.9829320598950844, 2.9829320598950844], [2.9829320598950844, None], [2.9829320598950844, 2.9829320598950844]]], [[[2.9829320598950844, 2.9829320598950844], [2.9829320598950844, 2.9829320598950844], [2.9829320598950844, 2.9829320598950844], [2.9829320598950844, 2.9829320598950844], [2.9829320598950844, 2.9829320598950844], [None, 2.9829320598950844]], [[2.9829320598950844, 2.9829320598950844], [2.9829320598950844, 2.9829320598950844], [2.9829320598950844, 2.9829320598950844], [2.9829320598950844, 2.9829320598950844], [2.9829320598950844, 2.9829320598950844], [2.9829320598950844, None]]]]
intrinsic_amplitudes:
[0.7327500113531333, 0.7036075915195226, 0.7522458949764252, 0.7282221693490705, 0.6272337664835712, 0.9523640612561164, 0.6272418095368768, 0.7035216107974835, 0.6274512614229324, 0.703607822813098, 0.8065462031244381, 0.7035720599449968]


-------------------------------------------------------
10:
Fitness: 0.5276872569507602

phase_biases:
[[[[None, 0.5178672578709247], [1.1068606423249805, 0.5178672578709247], [1.1068606423249805, 0.5178672578709247], [1.1068606423249805, 0.5178672578709247], [1.1068606423249805, 0.5178672578709247], [1.1068606423249805, 0.5178672578709247]], [[1.9057575499926478, None], [1.9799912465554712, 2.577404594471888], [2.0249318339409896, 3.778389035211759], [1.9838947420300905, 2.6817209285976644], [1.9086409746110202, 0.6706523370357247], [1.8940897951860667, 0.28178914898103136]]], [[[1.1068606423249805, 0.5178672578709247], [None, 0.5178672578709247], [1.1068606423249805, 0.5178672578709247], [1.1068606423249805, 0.5178672578709247], [1.1068606423249805, 0.5178672578709247], [1.1068606423249805, 0.5178672578709247]], [[1.9057575499926478, 0.5935961990505898], [1.9799912465554712, None], [2.0249318339409896, 3.778389035211759], [1.9838947420300905, 2.6817209285976644], [1.9086409746110202, 0.6706523370357247], [1.8940897951860667, 0.28178914898103136]]], [[[1.1068606423249805, 0.5178672578709247], [1.1068606423249805, 0.5178672578709247], [None, 0.5178672578709247], [1.1068606423249805, 0.5178672578709247], [1.1068606423249805, 0.5178672578709247], [1.1068606423249805, 0.5178672578709247]], [[1.9057575499926478, 0.5935961990505898], [1.9799912465554712, 2.577404594471888], [2.0249318339409896, None], [1.9838947420300905, 2.6817209285976644], [1.9086409746110202, 0.6706523370357247], [1.8940897951860667, 0.28178914898103136]]], [[[1.1068606423249805, 0.5178672578709247], [1.1068606423249805, 0.5178672578709247], [1.1068606423249805, 0.5178672578709247], [None, 0.5178672578709247], [1.1068606423249805, 0.5178672578709247], [1.1068606423249805, 0.5178672578709247]], [[1.9057575499926478, 0.5935961990505898], [1.9799912465554712, 2.577404594471888], [2.0249318339409896, 3.778389035211759], [1.9838947420300905, None], [1.9086409746110202, 0.6706523370357247], [1.8940897951860667, 0.28178914898103136]]], [[[1.1068606423249805, 0.5178672578709247], [1.1068606423249805, 0.5178672578709247], [1.1068606423249805, 0.5178672578709247], [1.1068606423249805, 0.5178672578709247], [None, 0.5178672578709247], [1.1068606423249805, 0.5178672578709247]], [[1.9057575499926478, 0.5935961990505898], [1.9799912465554712, 2.577404594471888], [2.0249318339409896, 3.778389035211759], [1.9838947420300905, 2.6817209285976644], [1.9086409746110202, None], [1.8940897951860667, 0.28178914898103136]]], [[[1.1068606423249805, 0.5178672578709247], [1.1068606423249805, 0.5178672578709247], [1.1068606423249805, 0.5178672578709247], [1.1068606423249805, 0.5178672578709247], [1.1068606423249805, 0.5178672578709247], [None, 0.5178672578709247]], [[1.9057575499926478, 0.5935961990505898], [1.9799912465554712, 2.577404594471888], [2.0249318339409896, 3.778389035211759], [1.9838947420300905, 2.6817209285976644], [1.9086409746110202, 0.6706523370357247], [1.8940897951860667, None]]]]
intrinsic_amplitudes:
[0.8065457088670938, 0.954633141574504, 0.8065457088670938, 0.954633141574504, 0.8065457088670938, 0.954633141574504, 0.8065457088670938, 0.954633141574504, 0.8065457088670938, 0.954633141574504, 0.8065457088670938, 0.954633141574504]


-------------------------------------------------------
11:
Fitness: 0.5489381594941386

phase_biases:
[[[[None, 1.6659895695054412], [1.6659895695054412, 1.6659895695055786], [1.6659895695054412, 1.6659895695057458], [1.6659895695054412, 1.6659895695059492], [1.6659895695054412, 1.6659895695061966], [1.6659895695054412, 1.6659895695064975]], [[1.6659895695054412, None], [1.6659895695054412, 1.6659895695055786], [1.6659895695054412, 1.6659895695057458], [1.6659895695054412, 1.6659895695059492], [1.6659895695054412, 1.6659895695061966], [1.6659895695054412, 1.6659895695064975]]], [[[1.6659895695054412, 1.6659895695054412], [None, 1.665989569505433], [1.6659895695054412, 1.6659895695053815], [1.6659895695054412, 1.665989569505269], [1.6659895695054412, 1.665989569505074], [1.6659895695054412, 1.665989569504768]], [[1.6659895695054412, 1.6659895695054412], [1.6659895695054412, None], [1.6659895695054412, 1.6659895695074274], [1.6659895695054412, 1.6659895695082012], [1.6659895695054412, 1.6659895695075118], [1.6659895695054412, 1.6659895695043119]]], [[[1.6659895695054412, 1.6659895695054412], [1.6659895695054412, 1.665989569505279], [None, 1.6659895695049871], [1.6659895695054412, 1.665989569504535], [1.6659895695054412, 1.6659895695038958], [1.6659895695054412, 1.6659895695030509]], [[1.6659895695054412, 1.6659895695054412], [1.6659895695054412, 1.6659895695069609], [1.6659895695054412, None], [1.6659895695054412, 1.6659895695005535], [1.6659895695054412, 1.6659895694854792], [1.6659895695054412, 1.665989569457786]]], [[[1.6659895695054412, 1.6659895695054412], [1.6659895695054412, 1.6659895695051192], [1.6659895695054412, 1.6659895695045832], [None, 1.6659895695038325], [1.6659895695054412, 1.665989569502906], [1.6659895695054412, 1.6659895695018951]], [[1.6659895695054412, 1.6659895695054412], [1.6659895695054412, 1.6659895695071005], [1.6659895695054412, 1.6659895695013103], [1.6659895695054412, None], [1.6659895695054412, 1.6659895694433517], [1.6659895695054412, 1.6659895693863938]]], [[[1.6659895695054412, 1.6659895695054412], [1.6659895695054412, 1.665989569504955], [1.6659895695054412, 1.665989569504191], [1.6659895695054412, 1.6659895695032443], [None, 1.6659895695023093], [1.6659895695054412, 1.6659895695016709]], [[1.6659895695054412, 1.6659895695054412], [1.6659895695054412, 1.6659895695063092], [1.6659895695054412, 1.6659895694917455], [1.6659895695054412, 1.6659895694542872], [1.6659895695054412, None], [1.6659895695054412, 1.6659895693337141]]], [[[1.6659895695054412, 1.6659895695054412], [1.6659895695054412, 1.6659895695047888], [1.6659895695054412, 1.6659895695038311], [1.6659895695054412, 1.665989569502839], [1.6659895695054412, 1.6659895695022289], [None, 1.6659895695024496]], [[1.6659895695054412, 1.6659895695054412], [1.6659895695054412, 1.6659895695045805], [1.6659895695054412, 1.6659895694786853], [1.6659895695054412, 1.6659895694247862], [1.6659895695054412, 1.6659895693641589], [1.6659895695054412, None]]]]
intrinsic_amplitudes:
[0.6641038770035834, 0.7552146667983566, 0.6641038770035834, -1.2952569452814002, 0.6641038770035834, 0.30380841363090694, 0.6641038770035834, -1.3032022677988333, 0.6641038770035834, -0.7938623254834443, 0.6641038770035834, 0.9310158539913864]


-------------------------------------------------------
12:
Fitness: 0.5670530884290566

phase_biases:
[[[[None, 2.0684483557639473], [2.0684483557639473, 2.0684483557639473], [2.0684483557639473, 2.0684483557639473], [2.0684483557639473, 2.0684483557639473], [2.0684483557639473, 2.0684483557639473], [2.0684483557639473, 2.0684483557639473]], [[2.0684483557639473, None], [2.0684483557639473, 2.0684483557639473], [2.0684483557639473, 2.0684483557639473], [2.0684483557639473, 2.0684483557639473], [2.0684483557639473, 2.0684483557639473], [2.0684483557639473, 2.0684483557639473]]], [[[0.2934642963279377, 0.2934642963279377], [None, 0.2934642963279377], [0.2934642963279377, 0.2934642963279377], [0.2934642963279377, 0.2934642963279377], [0.2934642963279377, 0.2934642963279377], [0.2934642963279377, 0.2934642963279377]], [[0.2934642963279377, 0.2934642963279377], [0.2934642963279377, None], [0.2934642963279377, 0.2934642963279377], [0.2934642963279377, 0.2934642963279377], [0.2934642963279377, 0.2934642963279377], [0.2934642963279377, 0.2934642963279377]]], [[[1.9289214794099996, 1.9289214794099996], [1.9289214794099996, 1.9289214794099996], [None, 1.9289214794099996], [1.9289214794099996, 1.9289214794099996], [1.9289214794099996, 1.9289214794099996], [1.9289214794099996, 1.9289214794099996]], [[1.9289214794099996, 1.9289214794099996], [1.9289214794099996, 1.9289214794099996], [1.9289214794099996, None], [1.9289214794099996, 1.9289214794099996], [1.9289214794099996, 1.9289214794099996], [1.9289214794099996, 1.9289214794099996]]], [[[0.47004490893335993, 0.47004490893335993], [0.47004490893335993, 0.47004490893335993], [0.47004490893335993, 0.47004490893335993], [None, 0.47004490893335993], [0.47004490893335993, 0.47004490893335993], [0.47004490893335993, 0.47004490893335993]], [[0.47004490893335993, 0.47004490893335993], [0.47004490893335993, 0.47004490893335993], [0.47004490893335993, 0.47004490893335993], [0.47004490893335993, None], [0.47004490893335993, 0.47004490893335993], [0.47004490893335993, 0.47004490893335993]]], [[[1.7217301465721238, 1.7217301465721238], [1.7217301465721238, 1.7217301465721238], [1.7217301465721238, 1.7217301465721238], [1.7217301465721238, 1.7217301465721238], [None, 1.7217301465721238], [1.7217301465721238, 1.7217301465721238]], [[1.7217301465721238, 1.7217301465721238], [1.7217301465721238, 1.7217301465721238], [1.7217301465721238, 1.7217301465721238], [1.7217301465721238, 1.7217301465721238], [1.7217301465721238, None], [1.7217301465721238, 1.7217301465721238]]], [[[0.7059961385610465, 0.7059961385610465], [0.7059961385610465, 0.7059961385610465], [0.7059961385610465, 0.7059961385610465], [0.7059961385610465, 0.7059961385610465], [0.7059961385610465, 0.7059961385610465], [None, 0.7059961385610465]], [[0.7059961385610465, 0.7059961385610465], [0.7059961385610465, 0.7059961385610465], [0.7059961385610465, 0.7059961385610465], [0.7059961385610465, 0.7059961385610465], [0.7059961385610465, 0.7059961385610465], [0.7059961385610465, None]]]]
intrinsic_amplitudes:
[0.8065469375630281, 0.9546347883539257, 0.8065469378620862, 0.9546347887726068, 0.8065469375913747, 0.9546347883936108, 0.806546937839363, 0.9546347887407944, 0.80654693763231, 0.9546347884509201, 0.806546937806381, 0.9546347886946194]


-------------------------------------------------------
13:
Fitness: 1.3031697459249374

phase_biases:
[[[[None, 2.2826594051528897], [2.2826594051528897, 2.2826594051528897], [2.2826594051528897, 2.2826594051528897], [2.2826594051528897, 2.3265699774821136], [2.2826594051528897, 2.452244661601963], [2.2826594051528897, 2.6385876279033202]], [[2.2826594051528897, None], [2.2826594051528897, 2.2826594051528897], [2.2826594051528897, 2.2826594051528897], [2.2826594051528897, 2.3265692991479234], [2.2826594051528897, 2.4522446559117226], [2.2826594051528897, 2.63858762787738]]], [[[2.2826594051528897, 2.2826594051528897], [None, 2.2826594051528897], [2.2826594051528897, 2.2826594051528897], [2.2826594051528897, 2.326485298995876], [2.2826594051528897, 2.4567101953747534], [2.2826594051528897, 2.6536296319484003]], [[2.2826594051528897, 2.2826594051528897], [2.2826594051528897, None], [2.2826594051528897, 2.2826594051528897], [2.2826594051528897, 2.326485091815371], [2.2826594051528897, 2.4567101935876092], [2.2826594051528897, 2.653629631940127]]], [[[2.2826594051528897, 2.2826594051528897], [2.2826594051528897, 2.2826594051528897], [None, 2.2826594051528897], [2.2826594051528897, 2.309946796341532], [2.2826594051528897, 2.394687325736817], [2.2826594051528897, 2.5256427927115577]], [[2.2826594051528897, 2.2826594051528897], [2.2826594051528897, 2.2826594051528897], [2.2826594051528897, None], [2.2826594051528897, 2.3099467568665446], [2.2826594051528897, 2.39468732538481], [2.2826594051528897, 2.5256427927098994]]], [[[2.2826594051528897, 2.2826594051528897], [2.2826594051528897, 2.2826594051528897], [2.2826594051528897, 2.2826594051528897], [None, 2.2932320823532386], [2.2826594051528897, 2.327843721470135], [2.2826594051528897, 2.382640830523093]], [[2.2826594051528897, 2.2826594051528897], [2.2826594051528897, 2.2826594051528897], [2.2826594051528897, 2.2826594051528897], [2.2826594051528897, None], [2.2826594051528897, 2.3278437214266887], [2.2826594051528897, 2.382640830522884]]], [[[2.2826594051528897, 2.2826594051528897], [2.2826594051528897, 2.2826594051528897], [2.2826594051528897, 2.2826594051528897], [2.2826594051528897, 2.285199668440851], [None, 2.2940676221145746], [2.2826594051528897, 2.3084928268531115]], [[2.2826594051528897, 2.2826594051528897], [2.2826594051528897, 2.2826594051528897], [2.2826594051528897, 2.2826594051528897], [2.2826594051528897, 2.285199668096722], [2.2826594051528897, None], [2.2826594051528897, 2.308492826853095]]], [[[2.2826594051528897, 2.2826594051528897], [2.2826594051528897, 2.2826594051528897], [2.2826594051528897, 2.2826594051528897], [2.2826594051528897, 2.2830359348480083], [2.2826594051528897, 2.2844601320121694], [None, 2.2868487040814167]], [[2.2826594051528897, 2.2826594051528897], [2.2826594051528897, 2.2826594051528897], [2.2826594051528897, 2.2826594051528897], [2.2826594051528897, 2.283035934832399], [2.2826594051528897, 2.2844601320120073], [2.2826594051528897, None]]]]
intrinsic_amplitudes:
[0.7970828818753262, 0.9413851123081027, 0.7970829036244571, 0.9413851225098941, 0.7970829746946424, 0.941385155847227, 0.7970832069163762, 0.9413852647841567, 0.7970839655285897, 0.9413856207320488, 0.7970864418970449, 0.9413867834916574]


-------------------------------------------------------
14:
Fitness: 1.3037863708175987

phase_biases:
[[[[None, 0.8385548463104732], [0.3627523317285949, 0.8385548463104732], [0.3627523317285949, 0.8385548463104732], [0.3627523317285949, 0.8385548463104732], [0.3627523317285949, 0.8385548463104732], [0.3627523317285949, 0.8385548463104732]], [[1.0237983871995668, None], [1.0237983871995668, 0.7158488383957118], [1.0237983871995668, 0.7158488383957118], [1.0237983871995668, 0.7158488383957118], [1.0237983871995668, 0.7158488383957118], [1.0237983871995668, 0.7158488383957118]]], [[[0.5543834767489147, 1.0301859913307934], [None, 1.0301859913307934], [0.5543834767489147, 1.0301859913307934], [0.5543834767489147, 1.0301859913307934], [0.5543834767489147, 1.0301859913307934], [0.5543834767489147, 1.0301859913307934]], [[0.1980271328169847, 0.0], [0.1980271328169847, None], [0.1980271328169847, 0.0], [0.1980271328169847, 0.0], [0.1980271328169847, 0.0], [0.1980271328169847, 0.0]]], [[[0.7460146217692347, 1.2218171363511132], [0.7460146217692347, 1.2218171363511132], [None, 1.2218171363511132], [0.7460146217692347, 1.2218171363511132], [0.7460146217692347, 1.2218171363511132], [0.7460146217692347, 1.2218171363511132]], [[0.8780469050889553, 0.5700973562851003], [0.8780469050889553, 0.5700973562851003], [0.8780469050889553, None], [0.8780469050889553, 0.5700973562851003], [0.8780469050889553, 0.5700973562851003], [0.8780469050889553, 0.5700973562851003]]], [[[0.9376457667895545, 1.413448281371433], [0.9376457667895545, 1.413448281371433], [0.9376457667895545, 1.413448281371433], [None, 1.413448281371433], [0.9376457667895545, 1.413448281371433], [0.9376457667895545, 1.413448281371433]], [[1.2023006322345697, 0.8943510834307146], [1.2023006322345697, 0.8943510834307146], [1.2023006322345697, 0.8943510834307146], [1.2023006322345697, None], [1.2023006322345697, 0.8943510834307146], [1.2023006322345697, 0.8943510834307146]]], [[[1.1292769118098747, 1.605079426391753], [1.1292769118098747, 1.605079426391753], [1.1292769118098747, 1.605079426391753], [1.1292769118098747, 1.605079426391753], [None, 1.605079426391753], [1.1292769118098747, 1.605079426391753]], [[0.6652800123457767, 0.35733046354192155], [0.6652800123457767, 0.35733046354192155], [0.6652800123457767, 0.35733046354192155], [0.6652800123457767, 0.35733046354192155], [0.6652800123457767, None], [0.6652800123457767, 0.35733046354192155]]], [[[1.3209080568301945, 1.7967105714120728], [1.3209080568301945, 1.7967105714120728], [1.3209080568301945, 1.7967105714120728], [1.3209080568301945, 1.7967105714120728], [1.3209080568301945, 1.7967105714120728], [None, 1.7967105714120728]], [[2.044336462193541, 1.736386913389686], [2.044336462193541, 1.736386913389686], [2.044336462193541, 1.736386913389686], [2.044336462193541, 1.736386913389686], [2.044336462193541, 1.736386913389686], [2.044336462193541, None]]]]
intrinsic_amplitudes:
[1.0688621468540735, 1.32187578077043, 1.0313767155604272, 1.269396219914447, 0.9923698577146247, 1.2147866636288707, 0.9518408672498748, 1.1580461234210029, 0.9097961456678063, 1.0991835613857885, 0.8662497038496397, 1.0382185927408805]


-------------------------------------------------------
15:
Fitness: 1.5925100090820143

phase_biases:
[[[[None, 0.9998059167131021], [0.9998059167060881, 0.9998059167131021], [0.9998059167060881, 0.9998059167131021], [0.9998059167060881, 0.9998059167131021], [0.9998059167060881, 0.9998059167131021], [0.9998059167060881, 0.9998059167131021]], [[-0.9711594076972112, None], [-0.9711594076972112, -0.9711594020533972], [-0.9711594076972112, -0.9711594020533972], [-0.9711594076972112, -0.9711594020533972], [-0.9711594076972112, -0.9711594020533972], [-0.9711594076972112, -0.9711594020533972]]], [[[-0.9953967891998556, -0.9953967885881365], [None, -0.9953967885881365], [-0.9953967891998556, -0.9953967885881365], [-0.9953967891998556, -0.9953967885881365], [-0.9953967891998556, -0.9953967885881365], [-0.9953967891998556, -0.9953967885881365]], [[0.9997382112480652, 0.9997382114395961], [0.9997382112480652, None], [0.9997382112480652, 0.9997382114395961], [0.9997382112480652, 0.9997382114395961], [0.9997382112480652, 0.9997382114395961], [0.9997382112480652, 0.9997382114395961]]], [[[0.9999830538317125, 0.9999830538400306], [0.9999830538317125, 0.9999830538400306], [None, 0.9999830538400306], [0.9999830538317125, 0.9999830538400306], [0.9999830538317125, 0.9999830538400306], [0.9999830538317125, 0.9999830538400306]], [[-0.938179778909045, -0.9381796173592013], [-0.938179778909045, -0.9381796173592013], [-0.938179778909045, None], [-0.938179778909045, -0.9381796173592013], [-0.938179778909045, -0.9381796173592013], [-0.938179778909045, -0.9381796173592013]]], [[[0.8873888595636951, 0.887389051801952], [0.8873888595636951, 0.887389051801952], [0.8873888595636951, 0.887389051801952], [None, 0.887389051801952], [0.8873888595636951, 0.887389051801952], [0.8873888595636951, 0.887389051801952]], [[0.9999998646982639, 0.9999998646996083], [0.9999998646982639, 0.9999998646996083], [0.9999998646982639, 0.9999998646996083], [0.9999998646982639, None], [0.9999998646982639, 0.9999998646996083], [0.9999998646982639, 0.9999998646996083]]], [[[0.9999756121840829, 0.999975612346659], [0.9999756121840829, 0.999975612346659], [0.9999756121840829, 0.999975612346659], [0.9999756121840829, 0.999975612346659], [None, 0.999975612346659], [0.9999756121840829, 0.999975612346659]], [[0.25004333725251987, 0.2500605020880611], [0.25004333725251987, 0.2500605020880611], [0.25004333725251987, 0.2500605020880611], [0.25004333725251987, 0.2500605020880611], [0.25004333725251987, None], [0.25004333725251987, 0.2500605020880611]]], [[[0.9999975580248607, 0.99999755808485], [0.9999975580248607, 0.99999755808485], [0.9999975580248607, 0.99999755808485], [0.9999975580248607, 0.99999755808485], [0.9999975580248607, 0.99999755808485], [None, 0.99999755808485]], [[0.9999999971263501, 0.9999999971267378], [0.9999999971263501, 0.9999999971267378], [0.9999999971263501, 0.9999999971267378], [0.9999999971263501, 0.9999999971267378], [0.9999999971263501, 0.9999999971267378], [0.9999999971263501, None]]]]
intrinsic_amplitudes:
[0.8065467002061717, 0.9546347086984022, 0.8065467002061717, 0.9546347086984022, 0.8065467002061717, 0.9546347086984022, 0.8065467002061717, 0.9546347086984022, 0.8065467002061717, 0.9546347086984022, 0.8065467002061717, 0.9546347086984022]


-------------------------------------------------------
16:
Fitness: 1.7719841883359355

phase_biases:
[[[[None, 2.896334860834098], [2.8963348608011468, 2.896334860834098], [2.8963348608011468, 2.896334860834098], [2.8963348608011468, 2.896334860834098], [2.8963348608011468, 2.896334860834098], [2.8963348608011468, 2.896334860834098]], [[2.8961306986267, None], [2.8961306986267, 2.896334860834098], [2.8961306986267, 2.896334860834098], [2.8961306986267, 2.896334860834098], [2.8961306986267, 2.896334860834098], [2.8961306986267, 2.896334860834098]]], [[[2.8963093280269003, 2.896334860834098], [None, 2.896334860834098], [2.8963093280269003, 2.896334860834098], [2.8963093280269003, 2.896334860834098], [2.8963093280269003, 2.896334860834098], [2.8963093280269003, 2.896334860834098]], [[2.8357933021164774, 2.896334860832557], [2.8357933021164774, None], [2.8357933021164774, 2.896334860832557], [2.8357933021164774, 2.896334860832557], [2.8357933021164774, 2.896334860832557], [2.8357933021164774, 2.896334860832557]]], [[[2.8804411365747096, 2.896334860833882], [2.8804411365747096, 2.896334860833882], [None, 2.896334860833882], [2.8804411365747096, 2.896334860833882], [2.8804411365747096, 2.896334860833882], [2.8804411365747096, 2.896334860833882]], [[2.8819125981255462, 2.8963307518843444], [2.8819125981255462, 2.8963307518843444], [2.8819125981255462, None], [2.8819125981255462, 2.8963307518843444], [2.8819125981255462, 2.8963307518843444], [2.8819125981255462, 2.8963307518843444]]], [[[2.8883869252081107, 2.8963336492702876], [2.8883869252081107, 2.8963336492702876], [2.8883869252081107, 2.8963336492702876], [None, 2.8963336492702876], [2.8883869252081107, 2.8963336492702876], [2.8883869252081107, 2.8963336492702876]], [[2.8963321007979848, 2.887676046323013], [2.8963321007979848, 2.887676046323013], [2.8963321007979848, 2.887676046323013], [2.8963321007979848, None], [2.8963321007979848, 2.887676046323013], [2.8963321007979848, 2.887676046323013]]], [[[2.8963316679396183, 2.8908870247803815], [2.8963316679396183, 2.8908870247803815], [2.8963316679396183, 2.8908870247803815], [2.8963316679396183, 2.8908870247803815], [None, 2.8908870247803815], [2.8963316679396183, 2.8908870247803815]], [[2.896334860833674, 2.8814849275039904], [2.896334860833674, 2.8814849275039904], [2.896334860833674, 2.8814849275039904], [2.896334860833674, 2.8814849275039904], [2.896334860833674, None], [2.896334860833674, 2.8814849275039904]]], [[[2.896334860833068, 2.876655847277637], [2.896334860833068, 2.876655847277637], [2.896334860833068, 2.876655847277637], [2.896334860833068, 2.876655847277637], [2.896334860833068, 2.876655847277637], [None, 2.876655847277637]], [[2.896334860834098, 2.8963139246739646], [2.896334860834098, 2.8963139246739646], [2.896334860834098, 2.8963139246739646], [2.896334860834098, 2.8963139246739646], [2.896334860834098, 2.8963139246739646], [2.896334860834098, None]]]]
intrinsic_amplitudes:
[0.7908097512016319, 0.9546333658529211, 0.7908097512016319, 0.9546333438046926, 0.7908097512016319, 0.9546333438040588, 0.7908097512016319, 0.9546333438040588, 0.7908097512016319, 0.9546333438040588, 0.7908097512016319, 0.9546333438040588]


-------------------------------------------------------
